0.975 0.975 0.975 0.975 0.975
0.975 0.9725 0.975 0.975 0.975
0.975 0.97 0.975 0.975 0.975
0.975 0.9675 0.975 0.975 0.975
0.975 0.965 0.975 0.975 0.975
0.975 0.96625 0.975 0.975 0.975
0.975 0.96625 0.9725 0.975 0.975
0.975 0.96625 0.97 0.975 0.975
0.975 0.96625 0.97125 0.975 0.975
0.975 0.96625 0.97125 0.9725 0.975
0.975 0.96625 0.97125 0.97 0.975
0.975 0.96625 0.97125 0.9675 0.975
0.975 0.96625 0.97125 0.965 0.975
0.975 0.96625 0.97125 0.9625 0.975
0.975 0.96625 0.97125 0.96 0.975
0.975 0.96625 0.97125 0.9575 0.975
0.975 0.96625 0.97125 0.95875 0.975
0.975 0.96625 0.97125 0.95875 0.9725
0.975 0.96625 0.97125 0.95875 0.97
0.975 0.96625 0.97125 0.95875 0.9675
0.975 0.96625 0.97125 0.95875 0.965
0.975 0.96625 0.97125 0.95875 0.9625
0.975 0.96625 0.97125 0.95875 0.96
0.975 0.96625 0.97125 0.95875 0.9575
