0.975 0.975 0.975 0.975 0.975
0.975 0.9725 0.975 0.975 0.975
0.975 0.97 0.975 0.975 0.975
0.975 0.9675 0.975 0.975 0.975
0.975 0.965 0.975 0.975 0.975
0.975 0.9625 0.975 0.975 0.975
0.975 0.96375 0.975 0.975 0.975
0.975 0.96375 0.9725 0.975 0.975
0.975 0.96375 0.97 0.975 0.975
0.975 0.96375 0.9675 0.975 0.975
0.975 0.96375 0.965 0.975 0.975
0.975 0.96375 0.9625 0.975 0.975
0.975 0.96375 0.96 0.975 0.975
0.975 0.96375 0.9575 0.975 0.975
0.975 0.96375 0.95875 0.975 0.975
0.975 0.96375 0.95875 0.9725 0.975
0.975 0.96375 0.95875 0.97 0.975
0.975 0.96375 0.95875 0.9675 0.975
0.975 0.96375 0.95875 0.965 0.975
0.975 0.96375 0.95875 0.9625 0.975
0.975 0.96375 0.95875 0.96 0.975
0.975 0.96375 0.95875 0.9575 0.975
0.975 0.96375 0.95875 0.955 0.975
0.975 0.96375 0.95875 0.9525 0.975
0.975 0.96375 0.95875 0.95 0.975
0.975 0.96375 0.95875 0.9475 0.975
0.975 0.96375 0.95875 0.945 0.975
0.975 0.96375 0.95875 0.9425 0.975
0.975 0.96375 0.95875 0.94375 0.975
0.975 0.96375 0.95875 0.94375 0.9725
0.975 0.96375 0.95875 0.94375 0.97
0.975 0.96375 0.95875 0.94375 0.9675
0.975 0.96375 0.95875 0.94375 0.965
0.975 0.96375 0.95875 0.94375 0.9625
0.975 0.96375 0.95875 0.94375 0.96
0.975 0.96375 0.95875 0.94375 0.9575
0.975 0.96375 0.95875 0.94375 0.955
0.975 0.96375 0.95875 0.94375 0.9525
0.975 0.96375 0.95875 0.94375 0.95
0.975 0.96375 0.95875 0.94375 0.9475
0.975 0.96375 0.95875 0.94375 0.945
0.975 0.96375 0.95875 0.94375 0.9425
0.975 0.96375 0.95875 0.94375 0.94
0.975 0.96375 0.95875 0.94375 0.9375
0.975 0.96375 0.95875 0.94375 0.935
0.975 0.96375 0.95875 0.94375 0.9325
