0.975 0.975 0.975 0.975 0.975
0.975 0.9725 0.975 0.975 0.975
0.975 0.97375 0.975 0.975 0.975
0.975 0.97375 0.9725 0.975 0.975
0.975 0.97375 0.97 0.975 0.975
0.975 0.97375 0.9675 0.975 0.975
0.975 0.97375 0.965 0.975 0.975
0.975 0.97375 0.9625 0.975 0.975
0.975 0.97375 0.96375 0.975 0.975
0.975 0.97375 0.96375 0.9725 0.975
0.975 0.97375 0.96375 0.97 0.975
0.975 0.97375 0.96375 0.9675 0.975
0.975 0.97375 0.96375 0.965 0.975
0.975 0.97375 0.96375 0.9625 0.975
0.975 0.97375 0.96375 0.96 0.975
0.975 0.97375 0.96375 0.9575 0.975
0.975 0.97375 0.96375 0.955 0.975
0.975 0.97375 0.96375 0.9525 0.975
0.975 0.97375 0.96375 0.95375 0.975
0.975 0.97375 0.96375 0.95375 0.9725
0.975 0.97375 0.96375 0.95375 0.97
0.975 0.97375 0.96375 0.95375 0.9675
0.975 0.97375 0.96375 0.95375 0.965
0.975 0.97375 0.96375 0.95375 0.9625
0.975 0.97375 0.96375 0.95375 0.96
0.975 0.97375 0.96375 0.95375 0.9575
0.975 0.97375 0.96375 0.95375 0.955
0.975 0.97375 0.96375 0.95375 0.9525
0.975 0.97375 0.96375 0.95375 0.95
0.975 0.97375 0.96375 0.95375 0.9475
0.975 0.97375 0.96375 0.95375 0.945
0.975 0.97375 0.96375 0.95375 0.9425
0.975 0.97375 0.96375 0.95375 0.94
